scripts/search.js
  h_dd4c6f275118cc 8,12,16,20,24,30,34,38,42,46,50,56,60,64,68,72,76,82,86,90,94,98,102,106,110,114,118,124,128,132,136,140,144,148,152,159,163,167,171,175,179,183,187,191,197,201,205,209,213,217,223,227,231,235,239,243,247,251,255,259,263,267,271,275,279,283,287,291,295,299,303,307,311,315,319,323,329,333,337,341,345,349,353,357,363,367,371,377
---
{
  "schema_version": "authorship/3.0.0",
  "git_ai_version": "1.3.4",
  "base_commit_sha": "95dd4541e2cea9fd33c29101160dca87dec7d728",
  "prompts": {},
  "humans": {
    "h_dd4c6f275118cc": {
      "author": "Matteo Garzon"
    }
  }
}